$ANSIBLE_VAULT;1.1;AES256
61663034646533636362633830666437633032656330326565646137656666303536383262326233
3234363231356265616265643364353735383366363565310a366630353034386436366139353136
62383862613264346331643761303436326132656535626264323730366464626439653736313564
3463616336376530640a396637306333623231313236623335636438303733363966346465623863
61353834313065646236363063396165636432373766323130336232633964666239656232646432
64333530386431303766343265373638653432316632363731303932643039356163346161333735
31623537393766353665653164353865323563343265653038303836633436663232383938366163
66633065336561303036353562303161303434343832656233373132643938306135656233353734
61383663393839346361373939653834373063633634336435633030303933643430616163643333
37316639386138386130613231633537386233626665666435343538313861306232323530626434
38303663323766353436623566343039303436626263636566343865653635613662666361303932
66666235356536666231656361303664376632346336303465386339343731303239303934343861
62326433643832646463663632643363383235346666303839613331343465646639613838366464
66653661656236633639646664363338393032613137643538396330386438366238663833393632
61396461323932396266346365333563666430323730393661336532386465316339366666313236
34396434363064383635303034636363666661316261633736393364303364316637316436623666
37663338396166356239353235626265663661333137336338333536376437366530623739353263
63376466626631376163623261323735326665303661313836343536636364376235616366383832
32626236303531373262666238623933656262616330316530393636373462353661633966326439
65363366663866623861376230306561613434386331336639653537363436323166643561633536
34343834333465316134653538303634666231393334383763306530313063353437356236633938
66646165633139626562663463643735356437313733363933656163633132616263636132393935
64313364393930396265656237326363623863383266346161663235363737363239376134616439
34373865316331343734303966626230666232356663316538336238633536643031313938363162
32333330383738626438656139306361613461623736656566653532363130323438663866393261
30383536323932383736343666653638363434336337666261356336336261366436353939623663
66383131346232343362303366333233393639353134356134326266353964323466303636393339
31366461323138303131326163383334316537373136333265343166636565643563323130376334
31306135646664383031663535366366663130386337653266373930306532303632303837636330
33343833333130646462326462623130623861326235626234373536313762643763646564656631
66306438636463383137323061616637343030383563376636356233346462303630656634633066
34383366326364313637323062313866646466383864323534613732373734306236343232646536
30306635386463373339386335663361383063323830303731646432393639373235613233363463
32383361313836343765643665656633653662386266346261653037326436653135353437353566
35363930366236623637653463323531616162323365376662653936353731643831653730636566
31623762313737616338396262643437656231333762336631623736373266363164626435353632
34316334363665623162333466363062363863633638613531353439366362396435306262396663
36376537656561633666613464363534393366646666363164643632636364633761386663626430
64653930376436333538393135303735623261623234366265366133373837366238623432306335
62316161303539326130613931323161303531303734393039376661333638383661386666643439
37366339316463383736313635626465643337316635323362383734653931363331633532623439
30303463616136336562326161316636646435636364643463643834303231363339613131623139
31333637393432626233363866613836333939646231636132626430643931613037646366343430
30643562366238303230613362306465346636663137616335383766303035636530623132383664
64626230616430333234346265643138663465303665383763313764626261623437393436333164
61653339356335623338633737343365623664643762363965316563366662353039343266323465
30316432383734666636333834363937656234313362373130313030386266646363386336343966
62626266313137333034663139363864313861666639623334613864623432393134633066303532
63616331303630646433653865383139306430633961386639353536393832356135663731356437
63393335356366313731666130356638643330303933626164383235626432633138623939636438
64306239646265353264363533393138383336326230343666663364313336363038323432633731
38306639646163653437643433373662366336353961616233353130393762653632333562626464
36306332366439383862306264616164383963396530363561363430356233623237646437333830
33386439656365303733303432303738393139666437343736326261376334343439373462313935
63373234313732343738363137613961646536326134343066663463333561323231313261646531
39663762373531386462333931363437303335663166353965323433646563373762643563373937
61653334633530363532383134666433346531306430343131613037333736376131616536653065
62356239356465623239303266623634643165323130346134383238646361663265353861353166
39303563386136613936353061633834323166323365343438393963643534396363613131346333
64626631366230333932636363623036623535623834643138663938323039663766393465323866
30333630353330646563633962336339353933636339623562313632373436323631373337613766
38363662663464323231633163623636336635383666643933656632636263353465643233643363
36383035653763613631663036396633303739333166336363656436366135336566356232326364
66626330316633376434353932333565616535346531383335376634336138663532396561633561
33646137636561373736383465303762663964626334656362633739653832613362376133313734
37653432316635386365393135383531623961396232376261653065333330646634393637323934
63303239373530393930616330326137656539363533663362653961656366383161373233363131
65633535636366323063353333356337306331653138383539613564383364343462346433306532
37306463653233336134656365373639383966666261373736393735643462653833313766396661
36336232363630646663313366643635336264373936376563666663353566306663653832376666
63346338383134663561626161653261393063363665613966303439376331393333303563306365
35336236363635373337623538353735343536373366326633396562303630326238383938393735
39633433613563376561663634663564376366626466396363616231383236346436646563613433
64653536343130356335333836393138333366306333333134303239386131383363396266333536
30326133633538623439323536363631646365306130366532623065616530646261363432636134
34646335303839323732383830646462313934356166353837666630323530323737313633323238
64636361633331343537363839633438346631393236363661383535633831343039333438643230
36343463323631366333306139653632313632313035353464663736333065633965663937356438
63346666613739346233323164376465666431653834303130353135663831396263323066353263
31613862636361313733656232653263316465656635333135373938623637333336393062303466
38333033623665303237383139653838623434306564333536323830613532313630333131656535
34663034613065656661376430326339613336333039613361303536393733313465656430386265
33316438303432323539646630633061623139353832306435356439396165373331333631656530
32313864393931666161666462343838313739313663306134653261326339373061383362316461
30386363663432316464333031353961323030653364373233326466376536336161643164336632
35623765353565343164303762383436313739653963386137343639353832383336363432666661
34636666356139646330336136306337333862326236323762646136383765666264306537353463
64643637623839396335393361396436636530346630373764303238616536646433636566313132
32383036656432313461376432393230343861366635383438646436646665323539633933373662
32633732323937306462663736633339396534346131633737393338383461643437386138383231
31646462346535313031333136616362616266306166643037323665316438386431316161363635
64366464616531393138323839616539313464643631376165316262343064666636353161346531
63656234353634343431356164663463626431626165643935383161653463633562326330386530
66366566633437653635616463636134343635656163386530386661373331633334666134356339
31323438373839626361666231613437346164663735393037663961343033616634343263396636
39323337653831356437613830393863646265666230306562333166356534653633653634386136
62396661613836376362613662383465393635316432333738393538616431613539393966363864
61653037623233333064323861616639646530383730666238373662623662393765643339353966
64633433653832353438613563323238653638373765613464626138333261333932616130666562
62306330396465346337653631306134343963613866346431313832653430316562303030346230
65633565643032383833386132383039323963323336666536306666303637656335613766333334
64633364316565393035643763346533306263323235336336346162323866326537393832616132
33303762353861643834343734313235616332316638616666663536323737333961343633383132
64656362373735666339653238333630353665383733616433323265623564636262613734643239
61373537393135363233626135393630646462666362613135613561653034306465366639656230
62383033646334343161363133313233663237643430616462343031656536313063326637313061
61303061623636373835656566343433323766666630396564363165366564653234666262643038
65333130663736303134663630613161343834323137386332356461653637316538363932616663
35343232653634373963333465303735613331386364393761323639343036616339666266363461
33366564653238313135383833393834636561373762383436393433646566656361323137303039
30376233303834633463393763383834666166373931363962316266336435303565383935306338
66356133616463653239636463643036363535633933343739353438363766633764386162326232
61323738333838323133366265353037303864623561386165306465626434643264303534353863
35343038326634616331646339393238386164363165653532353836363564363431313466386530
63306137323339396463626463383764373465633361633435643632363937346137316430396466
33343661313637643664666463306466666432353734363136353166363732643230363964636434
65653031343833626439623765373931336631353466666532623561313335343834366464346135
63646637346433386361326166393833666664386663373430633035626237363639396333326234
36643266623132376634623931313736626634323833356466343363333938363238356433613862
31343538333233363338663136636637303233313765363839386431376464313566613636313439
37343463653539646334353061393636633431663130376435616664353439353734316331633861
31306234643966366237343633343136613862386464333933303733613637316362643365313062
31633362333731346234663665393534373534303264663838343836313866353763313665333661
61356566643430623432393835663236373335633865303530323763386166303763623433323963
34666336643337383439306239346465643265356433663761613839363761646261663162666365
66633365363363653933653165313036656164366362636265393338326235373230653162393633
38653135663737393162303430366335356661306562326533346138333766346664613065343131
30356437656266666565303636376665363861393236646261383034376534363231363464363665
39626236376332383163343231653065303339666631383838383333653239656232333964376661
37663264383566633938356238633765353038366230373837633331386463363034363264373363
39383464623635376362333164626437633936333031316338376262643966633066636366666430
33373438653866326266613661383564353430663239346432616665316266613838373439383664
66316238363638653864643538643137376463376561356564306463333464353063633865343464
3239393130653034376266356566626338626365346165613263
